min_step_function_score: 22.231056334646937
wavelength-for-min_step_function_score: 0.8028597549087021