Wavelength	Specular_R	Diffuse_R	A	T
0.25	0.0472	0.5471	0.4057	0.0	
0.2577	0.0464	0.7354	0.2176	0.0005	
0.2654	0.0458	0.7969	0.1536	0.0037	
0.273	0.0452	0.8172	0.1303	0.0073	
0.2807	0.0447	0.8388	0.1036	0.0129	
0.2884	0.0442	0.8559	0.0782	0.0217	
0.2961	0.0438	0.8698	0.0576	0.0289	
0.3038	0.0434	0.8772	0.0418	0.0376	
0.3114	0.0431	0.8844	0.028	0.0445	
0.3191	0.0427	0.8894	0.0136	0.0543	
0.3268	0.0425	0.8931	0.0034	0.061	
0.3345	0.0422	0.8947	0.0	0.0631	
0.3422	0.042	0.8927	0.0	0.0654	
0.3498	0.0417	0.8848	0.0	0.0734	
0.3575	0.0415	0.8768	0.0	0.0817	
0.3652	0.0414	0.8778	0.0	0.0808	
0.3729	0.0412	0.8679	0.0	0.0909	
0.3806	0.041	0.8634	0.0	0.0956	
0.3882	0.0409	0.8598	0.0	0.0993	
0.3959	0.0408	0.8552	0.0	0.104	
0.4036	0.0406	0.8503	0.0	0.109	
0.4129	0.0405	0.8417	0.0	0.1178	
0.4312	0.0403	0.8264	0.0	0.1334	
0.4531	0.04	0.8044	0.0	0.1556	
0.475	0.0398	0.7791	0.0	0.1811	
0.4968	0.0397	0.7591	0.0	0.2013	
0.5187	0.0395	0.7371	0.0	0.2233	
0.5405	0.0394	0.713	0.0	0.2475	
0.5624	0.0393	0.6864	0.0	0.2743	
0.5843	0.0392	0.6622	0.0	0.2986	
0.6061	0.0391	0.6398	0.0	0.3211	
0.628	0.0391	0.6153	0.0	0.3456	
0.6498	0.039	0.5928	0.0	0.3682	
0.6717	0.039	0.566	0.0	0.395	
0.6936	0.0389	0.5414	0.0	0.4197	
0.7154	0.0389	0.5158	0.0	0.4453	
0.7373	0.0389	0.5024	0.0	0.4587	
0.7591	0.0388	0.4778	0.0	0.4833	
0.781	0.0388	0.4561	0.0	0.5051	
0.8029	0.0388	0.4365	0.0	0.5247	
0.8247	0.0387	0.4156	0.0	0.5456	
0.8466	0.0387	0.398	0.0	0.5633	
0.8684	0.0387	0.377	0.0	0.5843	
0.8903	0.0387	0.356	0.0	0.6053	
0.9122	0.0387	0.3457	0.0	0.6156	
0.934	0.0387	0.3266	0.0	0.6347	
0.9559	0.0386	0.3092	0.0	0.6521	
0.9777	0.0386	0.2942	0.0	0.6672	
0.9996	0.0386	0.2716	0.0	0.6898	
1.0214	0.0386	0.2603	0.0	0.701	
1.0426	0.0386	0.252	0.0	0.7094	
1.0626	0.0386	0.2415	0.0	0.7199	
1.0832	0.0386	0.2271	0.0	0.7344	
1.1056	0.0386	0.2159	0.0	0.7455	
1.1282	0.0386	0.2043	0.0	0.7571	
1.1506	0.0386	0.1872	0.0166	0.7577	
1.173	0.0386	0.1527	0.0616	0.7471	
1.1956	0.0386	0.1479	0.0626	0.751	
1.218	0.0386	0.1609	0.0123	0.7882	
1.2404	0.0386	0.16	0.0	0.8014	
1.263	0.0385	0.1517	0.0	0.8097	
1.2854	0.0385	0.1447	0.0	0.8168	
1.3078	0.0385	0.1368	0.0	0.8246	
1.3304	0.0385	0.1309	0.0	0.8305	
1.3528	0.0385	0.1152	0.0293	0.817	
1.3752	0.0385	0.0976	0.0683	0.7956	
1.3976	0.0385	0.0872	0.069	0.8053	
1.42	0.0385	0.0805	0.0743	0.8066	
1.4426	0.0385	0.079	0.0717	0.8108	
1.465	0.0385	0.0851	0.0491	0.8273	
1.4874	0.0385	0.0894	0.0298	0.8422	
1.5042	0.0385	0.0884	0.0225	0.8506	
1.5166	0.0385	0.0854	0.0187	0.8574	
1.529	0.0385	0.0868	0.0168	0.8579	
1.5414	0.0385	0.0853	0.0179	0.8583	
1.5538	0.0385	0.0826	0.0191	0.8598	
1.5662	0.0385	0.082	0.0197	0.8598	
1.5786	0.0385	0.0768	0.0205	0.8641	
1.591	0.0385	0.0751	0.0197	0.8667	
1.6034	0.0385	0.0741	0.0217	0.8657	
1.6158	0.0385	0.0727	0.0244	0.8644	
1.6282	0.0385	0.0711	0.0275	0.8629	
1.6406	0.0385	0.0659	0.033	0.8626	
1.653	0.0385	0.0606	0.0545	0.8464	
1.6654	0.0385	0.0477	0.1045	0.8093	
1.6778	0.0385	0.0374	0.17	0.7541	
1.6902	0.0385	0.0339	0.2114	0.7162	
1.7026	0.0385	0.034	0.211	0.7165	
1.715	0.0385	0.0337	0.2013	0.7264	
1.7274	0.0385	0.0329	0.1965	0.732	
1.7398	0.0385	0.0346	0.1797	0.7472	
1.7522	0.0385	0.036	0.1598	0.7657	
1.7646	0.0385	0.0376	0.1418	0.7821	
1.777	0.0385	0.0397	0.113	0.8088	
1.7894	0.0385	0.041	0.1008	0.8196	
1.8018	0.0385	0.0389	0.1	0.8226	
1.8142	0.0385	0.0413	0.0967	0.8234	
1.8266	0.0385	0.0428	0.0923	0.8265	
1.839	0.0385	0.0417	0.0813	0.8385	
1.8514	0.0385	0.0425	0.0715	0.8475	
1.8638	0.0385	0.0417	0.0664	0.8533	
1.8762	0.0385	0.0418	0.0714	0.8483	
1.8886	0.0385	0.041	0.0789	0.8416	
1.901	0.0385	0.0388	0.0922	0.8306	
1.9134	0.0385	0.0371	0.0999	0.8246	
1.9258	0.0385	0.038	0.0935	0.83	
1.9382	0.0385	0.0372	0.0905	0.8338	
1.9506	0.0385	0.0365	0.0895	0.8355	
1.963	0.0385	0.037	0.0863	0.8383	
1.9754	0.0385	0.0396	0.0798	0.842	
1.9878	0.0385	0.0374	0.0796	0.8445	
2.0002	0.0385	0.0385	0.0818	0.8413	
2.0126	0.0385	0.0382	0.087	0.8363	
2.025	0.0385	0.0351	0.0938	0.8326	
2.0374	0.0385	0.0363	0.1006	0.8247	
2.0498	0.0385	0.0348	0.1052	0.8216	
2.0622	0.0385	0.0335	0.1122	0.8158	
2.0746	0.0385	0.0346	0.1129	0.8141	
2.087	0.0385	0.0324	0.1115	0.8177	
2.0994	0.0385	0.0314	0.1214	0.8087	
2.1118	0.0385	0.0306	0.14	0.7909	
2.1242	0.0385	0.0292	0.1557	0.7766	
2.1366	0.0385	0.029	0.1602	0.7724	
2.149	0.0385	0.0305	0.1516	0.7794	
2.1614	0.0385	0.0284	0.1457	0.7874	
2.1738	0.0385	0.0301	0.1342	0.7972	
2.1862	0.0385	0.0316	0.1336	0.7963	
2.1986	0.0385	0.031	0.1404	0.7901	
2.211	0.0385	0.0285	0.1832	0.7498	
2.2234	0.0385	0.0225	0.2667	0.6723	
2.2358	0.0385	0.0142	0.3921	0.5552	
2.2482	0.0385	0.0087	0.5259	0.4269	
2.2606	0.0385	0.0054	0.6277	0.3284	
2.273	0.0385	0.0052	0.6526	0.3037	
2.2854	0.0385	0.0051	0.673	0.2834	
2.2978	0.0385	0.0044	0.6901	0.267	
2.3102	0.0385	0.005	0.6569	0.2996	
2.3226	0.0385	0.0068	0.574	0.3806	
2.335	0.0385	0.01	0.5301	0.4215	
2.3474	0.0385	0.0094	0.5248	0.4273	
2.3598	0.0385	0.01	0.5018	0.4497	
2.3722	0.0385	0.0107	0.4799	0.4709	
2.3846	0.0385	0.0101	0.4968	0.4546	
2.397	0.0385	0.009	0.5112	0.4413	
2.4094	0.0385	0.008	0.5246	0.4289	
2.4218	0.0385	0.0086	0.5382	0.4148	
2.4342	0.0385	0.0075	0.5595	0.3945	
2.4466	0.0385	0.0073	0.577	0.3772	
2.459	0.0385	0.009	0.5384	0.4142	
2.4714	0.0385	0.0099	0.4997	0.452	
2.4838	0.0385	0.0115	0.4508	0.4992	
2.4962	0.0385	0.0143	0.3889	0.5583	
2.5	0.0385	0.0156	0.3829	0.5631	
