Sim 1

Solar R: 0.8536
Solar A: 0.0127
Solar T: 0.1337

Wavelength	R	A	T
0.25	0.6034	0.3918	0.0048	
0.3268	0.9137	0.001	0.0853	
0.4036	0.9159	0.0	0.0841	
0.4965	0.9075	0.0	0.0925	
0.7151	0.8848	0.0	0.1152	
0.9337	0.8543	0.0	0.1457	
1.1337	0.8336	0.0	0.1664	
1.3577	0.7923	0.016	0.1917	
1.5064	0.7692	0.008	0.2229	
1.6304	0.7372	0.0118	0.251	
1.7544	0.6392	0.137	0.2238	
1.8784	0.6551	0.0521	0.2928	
2.0024	0.6129	0.0699	0.3172	
2.1264	0.5299	0.1633	0.3068	
2.2504	0.3173	0.5139	0.1688	
2.3744	0.3196	0.4634	0.2169	
2.4984	0.3337	0.3811	0.2852	
2.5	0.3352	0.3773	0.2875	

Input file:
mc
output:fig3a
particle1:baso4.txt
matrix1:acr.txt
mesh:0.05
solar:am15.txt
photons:100000
start=0.25
end=2.5

sim1
upper:1
lower:1
layer1
matrix1
t:200
particle1
d:0.4
vf:60
dist:35
